 1     3.385    44.500
 2     0.480    15.500
 3     1.350     8.100
 4    36.330   119.500
 5    27.660   115.000
 6    14.830    98.200
 7     1.040     5.500
 8     4.190    58.000
 9     0.425     6.400
10     0.101     4.000
11     0.920     5.700
12     1.000     6.600
13     0.005     0.140
14     0.060     1.000
15     3.500    10.800
16     2.000    12.300
17     1.700     6.300
18     0.023     0.300
19   187.100   419.000
20     0.785     3.500
21    10.000   115.000
22     3.300    25.600
23     0.200     5.000
24     1.410    17.500
25     0.750    12.300
26     3.500     3.900
27     6.800   179.000
28    35.000    56.000
29     4.050    17.000
30     0.120     1.000
31     0.023     0.400
32     0.010     0.250
33     1.400    12.500
34   250.000   490.000
35     2.500    12.100
36    55.500   175.000
37   100.000   157.000
38    10.550   179.500
39     0.550     2.400
40    60.000    81.000
41     3.600    21.000
42     4.288    39.200
43     0.280     1.900
44     0.075     1.200
45     0.122     3.000
46     0.048     0.330
47   192.000   180.000
48     3.000    25.000
49   160.000   169.000
50     0.900     2.600
51     1.620    11.400
52     0.104     2.500
53     4.235    50.400
